{
 "cells": [
  {
   "attachments": {},
   "cell_type": "markdown",
   "metadata": {},
   "source": [
    "## Importar librerías"
   ]
  },
  {
   "cell_type": "code",
   "execution_count": 1,
   "metadata": {},
   "outputs": [],
   "source": [
    "import requests\n",
    "import json\n",
    "import pandas as pd\n",
    "import numpy as np\n",
    "import matplotlib.pyplot as plt\n",
    "from pyalex import Works, Authors, Sources, Institutions, Concepts, Publishers\n",
    "import yaml\n",
    "import json"
   ]
  },
  {
   "attachments": {},
   "cell_type": "markdown",
   "metadata": {},
   "source": [
    "# API OpenALEX"
   ]
  },
  {
   "cell_type": "code",
   "execution_count": 2,
   "metadata": {},
   "outputs": [],
   "source": [
    "url = 'https://api.openalex.org/works/https://doi.org/10.1057/s41267-022-00512-y'\n",
    "# url = 'https://api.openalex.org/institutions/https://ror.org/018906e22'\n",
    "response = requests.get(url)\n",
    "if(response.status_code in [200,201]):\n",
    "    data= response.json()\n",
    "    with open('archivo.json', 'w') as file:\n",
    "        json.dump(data, file, indent=4)\n",
    "else:\n",
    "    print('MALLLLL')\n",
    "# print(data1)\n",
    "response.close()\n",
    "\n",
    "\n",
    "# json_str = json.dumps(data1, indent=4)\n",
    "# # print(json_str)\n",
    "\n",
    "# with open('uItils\\peluso.json', 'w') as file:\n",
    "#     json.dump(data1, file, indent=4)\n",
    "\n",
    "# ror = 'https://api.openalex.org/works/' +  data1['authorships'][0]['institutions'][0]['ror']\n",
    "# print(ror)\n",
    "# # response1 = requests.get(ror)\n",
    "\n",
    "# # if(response1.status_code in [200,201]):\n",
    "# #     data2 = response1.json()\n",
    "\n",
    "# # print(data2)\n",
    "\n",
    "# # if(response.status_code in [200,201]):\n",
    "\n",
    "# #     data2 = response.json()\n",
    "# print(data2)\n"
   ]
  },
  {
   "attachments": {},
   "cell_type": "markdown",
   "metadata": {},
   "source": [
    "# URL instituciones"
   ]
  },
  {
   "cell_type": "code",
   "execution_count": 3,
   "metadata": {},
   "outputs": [],
   "source": [
    "dict_orgID = {}\n",
    "dict_authID = {}\n",
    "\n",
    "id_org = []\n",
    "# id_auth = []\n",
    "\n",
    "# Inserta ID a las organizaciones #\n",
    "def obtener_o_actualizar_valor(diccionario, clave):\n",
    "    if clave in diccionario:\n",
    "        return diccionario[clave]\n",
    "    else:\n",
    "        if len(diccionario) == 0:\n",
    "            siguiente_valor = 1\n",
    "        else:\n",
    "            siguiente_valor = max(diccionario.values()) + 1\n",
    "        diccionario[clave] = siguiente_valor\n",
    "        return siguiente_valor\n",
    "\n",
    "\n",
    "# # En base a una lista dada, genera una lista de diccionarios con ese elemento #\n",
    "# def generar_diccionarios(lista, nombre):\n",
    "#     lista_diccionarios = []\n",
    "#     for elemento in lista:\n",
    "#         diccionario = {nombre: elemento}\n",
    "#         lista_diccionarios.append(diccionario)\n",
    "#     return lista_diccionarios\n",
    "\n",
    "\n",
    "# Genera una Etiqueta 'Organization' con una lista vacia para cada Autor #\n",
    "def listaOrgInsert(json_datos):\n",
    "    data = json.loads(json_datos)\n",
    "    for block in data['Paper']:\n",
    "        # Recorrer cada subbloque de la sección \"Author\"\n",
    "        for author in block[\"Author\"]:\n",
    "            # Agregar la etiqueta \"Institucion\" como una lista vacía\n",
    "            author[\"Organization\"] = []\n",
    "    modified_json = json.dumps(data, indent=4)\n",
    "    return modified_json\n",
    "\n",
    "\n",
    "#  #\n",
    "def listaOrgInsert(json_datos):\n",
    "    data = json.loads(json_datos)\n",
    "    for block in data['Paper']:\n",
    "        # Recorrer cada subbloque de la sección \"Author\"\n",
    "        for author in block[\"Author\"]:\n",
    "            # Agregar la etiqueta \"Institucion\" como una lista vacía\n",
    "            author[\"Organization\"] = []\n",
    "    modified_json = json.dumps(data, indent=4)\n",
    "    return modified_json\n",
    "\n",
    "\n",
    "\n",
    "# Obtener URL de la organización llamando a la API por ROR #\n",
    "def getOrgURL(ror):\n",
    "    homepage=''\n",
    "    if ror is not None:\n",
    "        url = 'https://api.openalex.org/institutions/' + ror\n",
    "        response = requests.get(url)\n",
    "        \n",
    "        if(response.status_code in [200,201]):\n",
    "            datos= response.json()\n",
    "            homepage = datos['homepage_url']\n",
    "        else:\n",
    "            homepage = 'None'  \n",
    "    else:\n",
    "        homepage = 'None'\n",
    "    return homepage\n",
    "\n",
    "# Realimenta nuestros datos con datos extraidos de OpenAlex #\n",
    "def openalexRefeed(jsonDump) :\n",
    "    datos = json.loads(jsonDump)\n",
    "    i=0\n",
    "    for paper in datos['Paper']:\n",
    "        i = i+1\n",
    "        url = 'https://api.openalex.org/works/' + paper['DOI']\n",
    "        response = requests.get(url)\n",
    "        if(response.status_code in [200,201]):\n",
    "            data= response.json()\n",
    "        paper['PublicationDate'] = data[\"created_date\"]\n",
    "        paper['PublicationHost'] = data['primary_location']['source']['host_organization_name']\n",
    "        total_authorships = len(data['authorships'])\n",
    "        # Recorrer todas las combinaciones de 'n' y 'm'\n",
    "        for n in range(total_authorships):\n",
    "            id_org=[]\n",
    "            institutions = data['authorships'][n]['institutions']\n",
    "            total_institutions = len(institutions)\n",
    "            for m in range(total_institutions):\n",
    "                if institutions[m]['display_name'] is not None:\n",
    "                    orgName = institutions[m]['display_name']\n",
    "                    if institutions[m]['ror'] is not None:\n",
    "                        orgROR = institutions[m]['ror']\n",
    "                    else:\n",
    "                        orgROR = 'None'\n",
    "                    orgURL = getOrgURL(orgROR)\n",
    "                    orgID = obtener_o_actualizar_valor(dict_orgID, orgName)\n",
    "                    # IFs para las listas de Identificadores\n",
    "                    if orgID not in id_org:\n",
    "                        id_org.append(orgID)\n",
    "\n",
    "                    bloque_insert = {'OrgID': orgID,'OrgName': orgName, 'OrgURL': orgURL, 'OrgROR': orgROR}\n",
    "\n",
    "                    try:\n",
    "                        paper['Author'][n]['Organization'].append(bloque_insert)\n",
    "                        paper['Author'][n]['Organizations_IDs'] = id_org\n",
    "\n",
    "                    except:\n",
    "                        continue\n",
    "        grants = data['grants']\n",
    "        grant_list = []\n",
    "        for grant in grants:\n",
    "            grantName = grant['funder_display_name']\n",
    "            grant_list.append(grantName)\n",
    "        proj_insert = {'ID_Project': i, 'projectName':grant_list}\n",
    "        paper['Project'] = proj_insert\n",
    "    # modified_json = json.dumps(datos, indent=4)\n",
    "    return datos\n",
    "\n",
    "def añadirIDAuth(jsonDump):\n",
    "    for paper in jsonDump['Paper']:\n",
    "        id_auth = []  # Crear una nueva lista para cada paper\n",
    "        \n",
    "        for autor in paper['Author']:\n",
    "            nombre = autor['Forename'] + autor['Surname']\n",
    "            id = obtener_o_actualizar_valor(dict_authID, nombre)\n",
    "            if id not in id_auth:        \n",
    "                id_auth.append(id)\n",
    "            autor['ID_Author'] = id\n",
    "        \n",
    "        paper['AuthorIDs'] = id_auth\n",
    "\n",
    "\n",
    "        \n"
   ]
  },
  {
   "cell_type": "code",
   "execution_count": 4,
   "metadata": {},
   "outputs": [],
   "source": [
    "# Ruta al archivo JSON\n",
    "ruta_archivo = 'alvaritingo.json'\n",
    "\n",
    "# Lee el contenido del archivo JSON\n",
    "with open(ruta_archivo, 'r') as archivo:\n",
    "    contenido_json = archivo.read()\n",
    "\n",
    "json_bien = listaOrgInsert(contenido_json)\n",
    "json_completo = openalexRefeed(json_bien)\n"
   ]
  },
  {
   "cell_type": "code",
   "execution_count": 5,
   "metadata": {},
   "outputs": [],
   "source": [
    "añadirIDAuth(json_completo)\n",
    "i=1\n",
    "for paper in json_completo['Paper']:\n",
    "# for paper in json_completo['Paper']:\n",
    "        paper['ID_Paper'] = i\n",
    "        paper['Project']['PaperID'] = i\n",
    "        i=i+1\n",
    "\n",
    "# with open('papers_completo.json', 'w') as file:\n",
    "#         json.dump(json_completo, file, indent=4)"
   ]
  },
  {
   "attachments": {},
   "cell_type": "markdown",
   "metadata": {},
   "source": [
    "## Ingesta de abstracts"
   ]
  },
  {
   "cell_type": "code",
   "execution_count": 6,
   "metadata": {},
   "outputs": [
    {
     "name": "stdout",
     "output_type": "stream",
     "text": [
      "    ID                                           Abstract\n",
      "0    1  This systematic literature review aimed to pro...\n",
      "1    2  Background. The coronavirus disease 2019 (COVI...\n",
      "2    3  The risk of a zoonotic pandemic disease threat...\n",
      "3    4  Background: Antimicrobial resistance in Mycopl...\n",
      "4    5  human remains do not pose a risk for outbreaks...\n",
      "5    6  The global pandemic of coronavirus disease 201...\n",
      "6    7  Since January 2020 Elsevier has created a COVI...\n",
      "7    8  Since January 2020 Elsevier has created a COVI...\n",
      "8    9  Background: We assessed the utility of a multi...\n",
      "9   10  Background: Communicable disease reporting and...\n",
      "10  11  Since January 2020 Elsevier has created a COVI...\n",
      "11  12  on behalf of the BCoDE consortium. Impact of i...\n",
      "12  13  In today's globalized world, rapid urbanizatio...\n",
      "13  14  Since January 2020 Elsevier has created a COVI...\n",
      "14  15  Introduction: To obtain necessary information ...\n",
      "15  16  Although the majority of travel-associated com...\n",
      "16  17  Background: Salmonella induced infections rema...\n",
      "17  18  China is one of the largest countries in the w...\n",
      "18  19  Formed in 2008, the Southern African Centre fo...\n",
      "19  20  Background: Neonatal listeriosis is a rare but...\n",
      "20  21  Introduction: In the current mobility and glob...\n",
      "21  22  Background: Outbreaks of infectious disease ca...\n",
      "22  23  The coronavirus (COVID-19) pandemic has highli...\n",
      "23  24  The body of knowledge on alcohol use and commu...\n",
      "24  25  Background: In recent times, emerging and re-e...\n",
      "25  26  On behalf of the Burden of Communicable diseas...\n",
      "26  27  Background: Risk assessment and early warning ...\n",
      "27  28  The communicable disease threats and changes t...\n",
      "28  29  Introduction: Integrating services for non-com...\n",
      "29  30  We posit that international business and the e...\n"
     ]
    }
   ],
   "source": [
    "abstracts = []\n",
    "\n",
    "# Extraer los 'Abstracts'\n",
    "for paper in json_completo['Paper']:\n",
    "    abstract = paper['Abstract']\n",
    "    abstracts.append(abstract)\n",
    "\n",
    "# Crear el DataFrame\n",
    "df = pd.DataFrame({'ID': range(1, len(abstracts) + 1),\n",
    "                   'Abstract': abstracts})\n",
    "\n",
    "# Mostrar el DataFrame\n",
    "print(df)"
   ]
  },
  {
   "attachments": {},
   "cell_type": "markdown",
   "metadata": {},
   "source": [
    "## Transformación de dataset quitando stopwords"
   ]
  },
  {
   "cell_type": "code",
   "execution_count": 7,
   "metadata": {},
   "outputs": [
    {
     "name": "stderr",
     "output_type": "stream",
     "text": [
      "[nltk_data] Downloading package stopwords to\n",
      "[nltk_data]     C:\\Users\\Miguel\\AppData\\Roaming\\nltk_data...\n",
      "[nltk_data]   Package stopwords is already up-to-date!\n"
     ]
    }
   ],
   "source": [
    "import nltk\n",
    "nltk.download('stopwords')\n",
    "from nltk.corpus import stopwords\n",
    "\n",
    "stop_words = set(stopwords.words('english'))"
   ]
  },
  {
   "cell_type": "code",
   "execution_count": 8,
   "metadata": {},
   "outputs": [],
   "source": [
    "# Función para eliminar las stopwords de un texto dado\n",
    "def remove_stopwords(text):\n",
    "    words = text.split()\n",
    "    return \" \".join([word for word in words if word.lower() not in stop_words])\n",
    "\n",
    "# Aplicar la función remove_stopwords() a la columna \"Abstract\" del DataFrame\n",
    "abstract_no_stopwords = df[\"Abstract\"].apply(remove_stopwords)"
   ]
  },
  {
   "cell_type": "code",
   "execution_count": 9,
   "metadata": {},
   "outputs": [
    {
     "name": "stdout",
     "output_type": "stream",
     "text": [
      "0     systematic literature review aimed provide ove...\n",
      "1     Background. coronavirus disease 2019 (COVID-19...\n",
      "2     risk zoonotic pandemic disease threatens hundr...\n",
      "3     Background: Antimicrobial resistance Mycoplasm...\n",
      "4     human remains pose risk outbreaks (4). Dead bo...\n",
      "5     global pandemic coronavirus disease 2019 (COVI...\n",
      "6     Since January 2020 Elsevier created COVID-19 r...\n",
      "7     Since January 2020 Elsevier created COVID-19 r...\n",
      "8     Background: assessed utility multi-target, rea...\n",
      "9     Background: Communicable disease reporting sur...\n",
      "10    Since January 2020 Elsevier created COVID-19 r...\n",
      "11    behalf BCoDE consortium. Impact infectious dis...\n",
      "12    today's globalized world, rapid urbanization, ...\n",
      "13    Since January 2020 Elsevier created COVID-19 r...\n",
      "14    Introduction: obtain necessary information man...\n",
      "15    Although majority travel-associated communicab...\n",
      "16    Background: Salmonella induced infections rema...\n",
      "17    China one largest countries world nearly 20% w...\n",
      "18    Formed 2008, Southern African Centre Infectiou...\n",
      "19    Background: Neonatal listeriosis rare severe d...\n",
      "20    Introduction: current mobility globalization c...\n",
      "21    Background: Outbreaks infectious disease cause...\n",
      "22    coronavirus (COVID-19) pandemic highlighted in...\n",
      "23    body knowledge alcohol use communicable diseas...\n",
      "24    Background: recent times, emerging re-emerging...\n",
      "25    behalf Burden Communicable diseases Europe (BC...\n",
      "26    Background: Risk assessment early warning (RAE...\n",
      "27    communicable disease threats changes began eme...\n",
      "28    Introduction: Integrating services non-communi...\n",
      "29    posit international business emergence spread ...\n",
      "Name: Abstract, dtype: object\n"
     ]
    }
   ],
   "source": [
    "print(abstract_no_stopwords)"
   ]
  },
  {
   "attachments": {},
   "cell_type": "markdown",
   "metadata": {},
   "source": [
    "## Similitud coseno"
   ]
  },
  {
   "cell_type": "code",
   "execution_count": 10,
   "metadata": {},
   "outputs": [],
   "source": [
    "from sklearn.feature_extraction.text import TfidfVectorizer, CountVectorizer\n",
    "from sklearn.metrics.pairwise import cosine_similarity"
   ]
  },
  {
   "cell_type": "code",
   "execution_count": 11,
   "metadata": {},
   "outputs": [
    {
     "data": {
      "text/plain": [
       "array([[1.        , 0.01907152, 0.05579614, 0.02313082, 0.        ,\n",
       "        0.17689257, 0.01062228, 0.01062228, 0.03244405, 0.09871494,\n",
       "        0.01062228, 0.2132129 , 0.05420079, 0.01062228, 0.10009488,\n",
       "        0.02435193, 0.02470647, 0.08458802, 0.08344698, 0.01573242,\n",
       "        0.14305182, 0.04765605, 0.0737235 , 0.09767167, 0.10633075,\n",
       "        0.08913753, 0.08925723, 0.10259888, 0.04426273, 0.0728495 ],\n",
       "       [0.01907152, 1.        , 0.08082293, 0.01355784, 0.        ,\n",
       "        0.24071208, 0.15138032, 0.15138032, 0.01942902, 0.03308732,\n",
       "        0.15138032, 0.        , 0.04061882, 0.15138032, 0.03864138,\n",
       "        0.        , 0.06513023, 0.05982704, 0.0646272 , 0.01645761,\n",
       "        0.        , 0.04773519, 0.07130269, 0.05623108, 0.03432844,\n",
       "        0.        , 0.04167705, 0.01571971, 0.0495582 , 0.        ],\n",
       "       [0.05579614, 0.08082293, 1.        , 0.        , 0.01939038,\n",
       "        0.11273932, 0.        , 0.        , 0.00557595, 0.02383981,\n",
       "        0.        , 0.04635286, 0.06247996, 0.        , 0.01307426,\n",
       "        0.01070008, 0.        , 0.11011263, 0.07646485, 0.02070086,\n",
       "        0.05131761, 0.01787538, 0.08161905, 0.02435064, 0.05297665,\n",
       "        0.02236193, 0.04473352, 0.0433242 , 0.01952176, 0.0147114 ],\n",
       "       [0.02313082, 0.01355784, 0.        , 1.        , 0.00700066,\n",
       "        0.00675434, 0.        , 0.        , 0.04412211, 0.02148165,\n",
       "        0.        , 0.01067005, 0.02745303, 0.        , 0.0232177 ,\n",
       "        0.01665393, 0.01340774, 0.02257852, 0.04021725, 0.05401258,\n",
       "        0.01348475, 0.02223573, 0.03711821, 0.05811011, 0.04556134,\n",
       "        0.        , 0.04728672, 0.01577079, 0.05703485, 0.00308946],\n",
       "       [0.        , 0.        , 0.01939038, 0.00700066, 1.        ,\n",
       "        0.0094562 , 0.00931264, 0.00931264, 0.        , 0.        ,\n",
       "        0.00931264, 0.01010799, 0.01699255, 0.00931264, 0.00256191,\n",
       "        0.03213882, 0.00780982, 0.0093928 , 0.01536217, 0.        ,\n",
       "        0.        , 0.02818225, 0.05036402, 0.04573513, 0.0125461 ,\n",
       "        0.        , 0.02677287, 0.01017434, 0.01679696, 0.02665491],\n",
       "       [0.17689257, 0.24071208, 0.11273932, 0.00675434, 0.0094562 ,\n",
       "        1.        , 0.16080889, 0.16080889, 0.00632682, 0.06371289,\n",
       "        0.16080889, 0.11622162, 0.06438123, 0.16080889, 0.02940999,\n",
       "        0.09551279, 0.05537794, 0.11770011, 0.0895729 , 0.01314667,\n",
       "        0.0335521 , 0.07133989, 0.09378513, 0.07349736, 0.05240451,\n",
       "        0.02537323, 0.06006676, 0.04230975, 0.0574828 , 0.0928275 ],\n",
       "       [0.01062228, 0.15138032, 0.        , 0.        , 0.00931264,\n",
       "        0.16080889, 1.        , 1.        , 0.00518855, 0.00597705,\n",
       "        1.        , 0.        , 0.00618928, 1.        , 0.03905319,\n",
       "        0.01257718, 0.        , 0.02566794, 0.04701069, 0.01252298,\n",
       "        0.        , 0.04486478, 0.10321866, 0.10064038, 0.01319394,\n",
       "        0.        , 0.        , 0.00649498, 0.01486645, 0.01410014],\n",
       "       [0.01062228, 0.15138032, 0.        , 0.        , 0.00931264,\n",
       "        0.16080889, 1.        , 1.        , 0.00518855, 0.00597705,\n",
       "        1.        , 0.        , 0.00618928, 1.        , 0.03905319,\n",
       "        0.01257718, 0.        , 0.02566794, 0.04701069, 0.01252298,\n",
       "        0.        , 0.04486478, 0.10321866, 0.10064038, 0.01319394,\n",
       "        0.        , 0.        , 0.00649498, 0.01486645, 0.01410014],\n",
       "       [0.03244405, 0.01942902, 0.00557595, 0.04412211, 0.        ,\n",
       "        0.00632682, 0.00518855, 0.00518855, 1.        , 0.03954428,\n",
       "        0.00518855, 0.01161517, 0.01558035, 0.00518855, 0.01745733,\n",
       "        0.00138647, 0.01984759, 0.02171486, 0.01047141, 0.04180528,\n",
       "        0.00530241, 0.02082066, 0.02392584, 0.04008613, 0.05620939,\n",
       "        0.        , 0.03486793, 0.01694886, 0.00394093, 0.00300247],\n",
       "       [0.09871494, 0.03308732, 0.02383981, 0.02148165, 0.        ,\n",
       "        0.06371289, 0.00597705, 0.00597705, 0.03954428, 1.        ,\n",
       "        0.00597705, 0.06511058, 0.0718197 , 0.00597705, 0.19117953,\n",
       "        0.03449819, 0.06854011, 0.09475807, 0.04155874, 0.0163953 ,\n",
       "        0.02694509, 0.10177129, 0.06166894, 0.02879798, 0.05112619,\n",
       "        0.03519266, 0.12107593, 0.0403654 , 0.06360045, 0.04325316],\n",
       "       [0.01062228, 0.15138032, 0.        , 0.        , 0.00931264,\n",
       "        0.16080889, 1.        , 1.        , 0.00518855, 0.00597705,\n",
       "        1.        , 0.        , 0.00618928, 1.        , 0.03905319,\n",
       "        0.01257718, 0.        , 0.02566794, 0.04701069, 0.01252298,\n",
       "        0.        , 0.04486478, 0.10321866, 0.10064038, 0.01319394,\n",
       "        0.        , 0.        , 0.00649498, 0.01486645, 0.01410014],\n",
       "       [0.2132129 , 0.        , 0.04635286, 0.01067005, 0.01010799,\n",
       "        0.11622162, 0.        , 0.        , 0.01161517, 0.06511058,\n",
       "        0.        , 1.        , 0.09244486, 0.        , 0.07923915,\n",
       "        0.08544971, 0.05237909, 0.14869616, 0.10160854, 0.00506477,\n",
       "        0.07555728, 0.04716595, 0.08491248, 0.16309918, 0.07766199,\n",
       "        0.60381948, 0.05839356, 0.06529584, 0.05285535, 0.06873354],\n",
       "       [0.05420079, 0.04061882, 0.06247996, 0.02745303, 0.01699255,\n",
       "        0.06438123, 0.00618928, 0.00618928, 0.01558035, 0.0718197 ,\n",
       "        0.00618928, 0.09244486, 1.        , 0.00618928, 0.09396861,\n",
       "        0.06094704, 0.01284477, 0.16537645, 0.06036172, 0.03292974,\n",
       "        0.06160003, 0.05498453, 0.14028758, 0.18136637, 0.05805485,\n",
       "        0.06762167, 0.03654916, 0.12015314, 0.15674676, 0.10942885],\n",
       "       [0.01062228, 0.15138032, 0.        , 0.        , 0.00931264,\n",
       "        0.16080889, 1.        , 1.        , 0.00518855, 0.00597705,\n",
       "        1.        , 0.        , 0.00618928, 1.        , 0.03905319,\n",
       "        0.01257718, 0.        , 0.02566794, 0.04701069, 0.01252298,\n",
       "        0.        , 0.04486478, 0.10321866, 0.10064038, 0.01319394,\n",
       "        0.        , 0.        , 0.00649498, 0.01486645, 0.01410014],\n",
       "       [0.10009488, 0.03864138, 0.01307426, 0.0232177 , 0.00256191,\n",
       "        0.02940999, 0.03905319, 0.03905319, 0.01745733, 0.19117953,\n",
       "        0.03905319, 0.07923915, 0.09396861, 0.03905319, 1.        ,\n",
       "        0.03962113, 0.01372146, 0.05680193, 0.05979199, 0.00501197,\n",
       "        0.05660675, 0.10082797, 0.05615922, 0.05434958, 0.06578531,\n",
       "        0.06467609, 0.07324561, 0.03727487, 0.0717953 , 0.05490397],\n",
       "       [0.02435193, 0.        , 0.01070008, 0.01665393, 0.03213882,\n",
       "        0.09551279, 0.01257718, 0.01257718, 0.00138647, 0.03449819,\n",
       "        0.01257718, 0.08544971, 0.06094704, 0.01257718, 0.03962113,\n",
       "        1.        , 0.03367146, 0.04353846, 0.03005246, 0.00728429,\n",
       "        0.08095192, 0.04641813, 0.0682126 , 0.06870749, 0.03398452,\n",
       "        0.05009919, 0.0839781 , 0.03488036, 0.04709933, 0.0968219 ],\n",
       "       [0.02470647, 0.06513023, 0.        , 0.01340774, 0.00780982,\n",
       "        0.05537794, 0.        , 0.        , 0.01984759, 0.06854011,\n",
       "        0.        , 0.05237909, 0.01284477, 0.        , 0.01372146,\n",
       "        0.03367146, 1.        , 0.03554757, 0.03721942, 0.03729122,\n",
       "        0.00759461, 0.04167606, 0.01389056, 0.03932455, 0.07086542,\n",
       "        0.        , 0.03896879, 0.01216437, 0.02084508, 0.0068931 ],\n",
       "       [0.08458802, 0.05982704, 0.11011263, 0.02257852, 0.0093928 ,\n",
       "        0.11770011, 0.02566794, 0.02566794, 0.02171486, 0.09475807,\n",
       "        0.02566794, 0.14869616, 0.16537645, 0.02566794, 0.05680193,\n",
       "        0.04353846, 0.03554757, 1.        , 0.17369413, 0.03704768,\n",
       "        0.06686984, 0.0597171 , 0.05060881, 0.07876843, 0.13317544,\n",
       "        0.03360414, 0.1269403 , 0.09079999, 0.0906213 , 0.10602788],\n",
       "       [0.08344698, 0.0646272 , 0.07646485, 0.04021725, 0.01536217,\n",
       "        0.0895729 , 0.04701069, 0.04701069, 0.01047141, 0.04155874,\n",
       "        0.04701069, 0.10160854, 0.06036172, 0.04701069, 0.05979199,\n",
       "        0.03005246, 0.03721942, 0.17369413, 1.        , 0.03191701,\n",
       "        0.01506868, 0.08656722, 0.05791698, 0.04563544, 0.09522738,\n",
       "        0.07580919, 0.11264906, 0.07157808, 0.05777912, 0.06589551],\n",
       "       [0.01573242, 0.01645761, 0.02070086, 0.05401258, 0.        ,\n",
       "        0.01314667, 0.01252298, 0.01252298, 0.04180528, 0.0163953 ,\n",
       "        0.01252298, 0.00506477, 0.03292974, 0.01252298, 0.00501197,\n",
       "        0.00728429, 0.03729122, 0.03704768, 0.03191701, 1.        ,\n",
       "        0.02375499, 0.07819   , 0.02353101, 0.02832818, 0.0321083 ,\n",
       "        0.        , 0.0130965 , 0.00715861, 0.02394634, 0.0072633 ],\n",
       "       [0.14305182, 0.        , 0.05131761, 0.01348475, 0.        ,\n",
       "        0.0335521 , 0.        , 0.        , 0.00530241, 0.02694509,\n",
       "        0.        , 0.07555728, 0.06160003, 0.        , 0.05660675,\n",
       "        0.08095192, 0.00759461, 0.06686984, 0.01506868, 0.02375499,\n",
       "        1.        , 0.02055738, 0.04153669, 0.04481988, 0.01397582,\n",
       "        0.05588083, 0.01170127, 0.11759081, 0.02131853, 0.04843822],\n",
       "       [0.04765605, 0.04773519, 0.01787538, 0.02223573, 0.02818225,\n",
       "        0.07133989, 0.04486478, 0.04486478, 0.02082066, 0.10177129,\n",
       "        0.04486478, 0.04716595, 0.05498453, 0.04486478, 0.10082797,\n",
       "        0.04641813, 0.04167606, 0.0597171 , 0.08656722, 0.07819   ,\n",
       "        0.02055738, 1.        , 0.03932042, 0.04910542, 0.06934273,\n",
       "        0.02108943, 0.08187515, 0.06049653, 0.06225861, 0.0494177 ],\n",
       "       [0.0737235 , 0.07130269, 0.08161905, 0.03711821, 0.05036402,\n",
       "        0.09378513, 0.10321866, 0.10321866, 0.02392584, 0.06166894,\n",
       "        0.10321866, 0.08491248, 0.14028758, 0.10321866, 0.05615922,\n",
       "        0.0682126 , 0.01389056, 0.05060881, 0.05791698, 0.02353101,\n",
       "        0.04153669, 0.03932042, 1.        , 0.21773968, 0.03555083,\n",
       "        0.0846104 , 0.04511941, 0.04064915, 0.06173551, 0.07815241],\n",
       "       [0.09767167, 0.05623108, 0.02435064, 0.05811011, 0.04573513,\n",
       "        0.07349736, 0.10064038, 0.10064038, 0.04008613, 0.02879798,\n",
       "        0.10064038, 0.16309918, 0.18136637, 0.10064038, 0.05434958,\n",
       "        0.06870749, 0.03932455, 0.07876843, 0.04563544, 0.02832818,\n",
       "        0.04481988, 0.04910542, 0.21773968, 1.        , 0.05334214,\n",
       "        0.06278691, 0.05240194, 0.02690428, 0.11157146, 0.06204042],\n",
       "       [0.10633075, 0.03432844, 0.05297665, 0.04556134, 0.0125461 ,\n",
       "        0.05240451, 0.01319394, 0.01319394, 0.05620939, 0.05112619,\n",
       "        0.01319394, 0.07766199, 0.05805485, 0.01319394, 0.06578531,\n",
       "        0.03398452, 0.07086542, 0.13317544, 0.09522738, 0.0321083 ,\n",
       "        0.01397582, 0.06934273, 0.03555083, 0.05334214, 1.        ,\n",
       "        0.00874788, 0.0829626 , 0.05582272, 0.04589784, 0.01466856],\n",
       "       [0.08913753, 0.        , 0.02236193, 0.        , 0.        ,\n",
       "        0.02537323, 0.        , 0.        , 0.        , 0.03519266,\n",
       "        0.        , 0.60381948, 0.06762167, 0.        , 0.06467609,\n",
       "        0.05009919, 0.        , 0.03360414, 0.07580919, 0.        ,\n",
       "        0.05588083, 0.02108943, 0.0846104 , 0.06278691, 0.00874788,\n",
       "        1.        , 0.        , 0.06416071, 0.01976542, 0.07277475],\n",
       "       [0.08925723, 0.04167705, 0.04473352, 0.04728672, 0.02677287,\n",
       "        0.06006676, 0.        , 0.        , 0.03486793, 0.12107593,\n",
       "        0.        , 0.05839356, 0.03654916, 0.        , 0.07324561,\n",
       "        0.0839781 , 0.03896879, 0.1269403 , 0.11264906, 0.0130965 ,\n",
       "        0.01170127, 0.08187515, 0.04511941, 0.05240194, 0.0829626 ,\n",
       "        0.        , 1.        , 0.07942857, 0.06508169, 0.05391852],\n",
       "       [0.10259888, 0.01571971, 0.0433242 , 0.01577079, 0.01017434,\n",
       "        0.04230975, 0.00649498, 0.00649498, 0.01694886, 0.0403654 ,\n",
       "        0.00649498, 0.06529584, 0.12015314, 0.00649498, 0.03727487,\n",
       "        0.03488036, 0.01216437, 0.09079999, 0.07157808, 0.00715861,\n",
       "        0.11759081, 0.06049653, 0.04064915, 0.02690428, 0.05582272,\n",
       "        0.06416071, 0.07942857, 1.        , 0.04629843, 0.03160393],\n",
       "       [0.04426273, 0.0495582 , 0.01952176, 0.05703485, 0.01679696,\n",
       "        0.0574828 , 0.01486645, 0.01486645, 0.00394093, 0.06360045,\n",
       "        0.01486645, 0.05285535, 0.15674676, 0.01486645, 0.0717953 ,\n",
       "        0.04709933, 0.02084508, 0.0906213 , 0.05777912, 0.02394634,\n",
       "        0.02131853, 0.06225861, 0.06173551, 0.11157146, 0.04589784,\n",
       "        0.01976542, 0.06508169, 0.04629843, 1.        , 0.03399265],\n",
       "       [0.0728495 , 0.        , 0.0147114 , 0.00308946, 0.02665491,\n",
       "        0.0928275 , 0.01410014, 0.01410014, 0.00300247, 0.04325316,\n",
       "        0.01410014, 0.06873354, 0.10942885, 0.01410014, 0.05490397,\n",
       "        0.0968219 , 0.0068931 , 0.10602788, 0.06589551, 0.0072633 ,\n",
       "        0.04843822, 0.0494177 , 0.07815241, 0.06204042, 0.01466856,\n",
       "        0.07277475, 0.05391852, 0.03160393, 0.03399265, 1.        ]])"
      ]
     },
     "execution_count": 11,
     "metadata": {},
     "output_type": "execute_result"
    }
   ],
   "source": [
    "def cosine(u, v):\n",
    "    return np.dot(u, v) / (np.linalg.norm(u) * np.linalg.norm(v))\n",
    "\n",
    "# vectorize the documents using TF-IDF\n",
    "vectorizer = TfidfVectorizer()\n",
    "#vectorizer = CountVectorizer()\n",
    "X = vectorizer.fit_transform(abstract_no_stopwords)\n",
    "\n",
    "# with sentence transformers it's something like:\n",
    "#sbert_model = SentenceTransformer('sentence-transformers/paraphrase-multilingual-MiniLM-L12-v2')\n",
    "#sentence_embeddings = sbert_model.encode(sentences)\n",
    "#cosine(sentence_embeddings[0],sbert_model.encode([\"Productos de la agricultura, ganadería, pesca, silvicultura y productos afines\"])[0])\n",
    "\n",
    "# compute the cosine similarity matrix\n",
    "cos_sim_matrix = cosine_similarity(X)\n",
    "cos_sim_matrix"
   ]
  },
  {
   "cell_type": "code",
   "execution_count": 12,
   "metadata": {},
   "outputs": [
    {
     "data": {
